Tag Bits,Index Bits,Offset Bits,Number of Addresses,Algorithm Name,Cold Start Miss,Conflict Miss,Hit/Miss Ratio,Indices Coverage,Address Variety
5,6,5,6,rand,6,0,0.0,0.09375,1.0
5,6,5,6,rand,6,0,0.0,0.09375,1.0
5,6,5,6,rand,6,0,0.0,0.09375,1.0
5,6,5,6,rand,6,0,0.0,0.09375,1.0
5,6,5,6,rand,6,0,0.0,0.09375,1.0
5,6,5,6,rand,6,0,0.0,0.09375,1.0
5,6,5,6,rand,6,0,0.0,0.09375,1.0
5,6,5,6,rand,6,0,0.0,0.09375,1.0
5,6,5,6,rand,6,0,0.0,0.09375,1.0
5,6,5,6,rand,6,0,0.0,0.09375,1.0
5,6,5,6,rand,6,0,0.0,0.09375,1.0
5,6,5,6,rand,6,0,0.0,0.09375,1.0
5,6,5,6,rand,6,0,0.0,0.09375,1.0
5,6,5,6,rand,5,1,0.0,0.078125,1.0
5,6,5,6,rand,5,1,0.0,0.078125,1.0
5,6,5,6,rand,6,0,0.0,0.09375,1.0
5,6,5,6,rand,5,1,0.0,0.078125,1.0
5,6,5,6,rand,6,0,0.0,0.09375,1.0
5,6,5,6,rand,6,0,0.0,0.09375,1.0
5,6,5,6,rand,6,0,0.0,0.09375,1.0
5,6,5,6,rand,6,0,0.0,0.09375,1.0
5,6,5,6,rand,6,0,0.0,0.09375,1.0
5,6,5,6,rand,6,0,0.0,0.09375,1.0
5,6,5,6,rand,4,2,0.0,0.0625,1.0
5,6,5,6,rand,5,1,0.0,0.078125,1.0
5,6,5,6,rand,6,0,0.0,0.09375,1.0
5,6,5,6,rand,6,0,0.0,0.09375,1.0
5,6,5,6,rand,5,1,0.0,0.078125,1.0
5,6,5,6,rand,6,0,0.0,0.09375,1.0
5,6,5,6,rand,6,0,0.0,0.09375,1.0
5,6,5,6,rand,6,0,0.0,0.09375,1.0
5,6,5,6,rand,5,1,0.0,0.078125,1.0
5,6,5,6,rand,6,0,0.0,0.09375,1.0
5,6,5,6,rand,6,0,0.0,0.09375,1.0
5,6,5,6,rand,6,0,0.0,0.09375,1.0
5,6,5,6,rand,6,0,0.0,0.09375,1.0
5,6,5,6,rand,6,0,0.0,0.09375,1.0
5,6,5,6,rand,3,3,0.0,0.046875,1.0
5,6,5,6,rand,6,0,0.0,0.09375,1.0
5,6,5,6,rand,6,0,0.0,0.09375,1.0
5,6,5,6,rand,6,0,0.0,0.09375,1.0
5,6,5,6,rand,5,1,0.0,0.078125,1.0
5,6,5,6,rand,6,0,0.0,0.09375,1.0
5,6,5,6,rand,6,0,0.0,0.09375,1.0
5,6,5,6,rand,6,0,0.0,0.09375,1.0
5,6,5,6,rand,6,0,0.0,0.09375,1.0
5,6,5,6,rand,6,0,0.0,0.09375,1.0
5,6,5,6,rand,5,1,0.0,0.078125,1.0
5,6,5,6,rand,6,0,0.0,0.09375,1.0
5,6,5,6,rand,5,1,0.0,0.078125,1.0
5,6,5,6,rand,6,0,0.0,0.09375,1.0
5,6,5,6,rand,6,0,0.0,0.09375,1.0
5,6,5,6,rand,6,0,0.0,0.09375,1.0
5,6,5,6,rand,6,0,0.0,0.09375,1.0
5,6,5,6,rand,5,1,0.0,0.078125,1.0
5,6,5,6,rand,5,1,0.0,0.078125,1.0
5,6,5,6,rand,6,0,0.0,0.09375,1.0
5,6,5,6,rand,6,0,0.0,0.09375,1.0
5,6,5,6,rand,6,0,0.0,0.09375,1.0
5,6,5,6,rand,5,1,0.0,0.078125,1.0
5,6,5,6,rand,6,0,0.0,0.09375,1.0
5,6,5,6,rand,6,0,0.0,0.09375,1.0
5,6,5,6,rand,6,0,0.0,0.09375,1.0
5,6,5,6,rand,6,0,0.0,0.09375,1.0
5,6,5,6,rand,6,0,0.0,0.09375,1.0
5,6,5,6,rand,6,0,0.0,0.09375,1.0
5,6,5,6,rand,5,1,0.0,0.078125,1.0
5,6,5,6,rand,6,0,0.0,0.09375,1.0
5,6,5,6,rand,6,0,0.0,0.09375,1.0
5,6,5,6,rand,5,1,0.0,0.078125,1.0
5,6,5,6,rand,6,0,0.0,0.09375,1.0
5,6,5,6,rand,6,0,0.0,0.09375,1.0
5,6,5,6,rand,6,0,0.0,0.09375,1.0
5,6,5,6,rand,6,0,0.0,0.09375,1.0
5,6,5,6,rand,6,0,0.0,0.09375,1.0
5,6,5,6,rand,6,0,0.0,0.09375,1.0
5,6,5,6,rand,6,0,0.0,0.09375,1.0
5,6,5,6,rand,6,0,0.0,0.09375,1.0
5,6,5,6,rand,6,0,0.0,0.09375,1.0
5,6,5,6,rand,6,0,0.0,0.09375,1.0
5,6,5,6,rand,6,0,0.0,0.09375,1.0
5,6,5,6,rand,6,0,0.0,0.09375,1.0
5,6,5,6,rand,6,0,0.0,0.09375,1.0
5,6,5,6,rand,6,0,0.0,0.09375,1.0
5,6,5,6,rand,5,1,0.0,0.078125,1.0
5,6,5,6,rand,5,1,0.0,0.078125,1.0
5,6,5,6,rand,6,0,0.0,0.09375,1.0
5,6,5,6,rand,6,0,0.0,0.09375,1.0
5,6,5,6,rand,5,1,0.0,0.078125,1.0
5,6,5,6,rand,6,0,0.0,0.09375,1.0
5,6,5,6,rand,5,1,0.0,0.078125,1.0
5,6,5,6,rand,6,0,0.0,0.09375,1.0
5,6,5,6,rand,5,1,0.0,0.078125,1.0
5,6,5,6,rand,5,1,0.0,0.078125,1.0
5,6,5,6,rand,5,1,0.0,0.078125,1.0
5,6,5,6,rand,6,0,0.0,0.09375,1.0
5,6,5,6,rand,6,0,0.0,0.09375,1.0
5,6,5,6,rand,6,0,0.0,0.09375,1.0
5,6,5,6,rand,6,0,0.0,0.09375,1.0
5,6,5,6,rand,6,0,0.0,0.09375,1.0
5,6,5,6,rand,5,1,0.0,0.078125,1.0
5,6,5,6,rand,6,0,0.0,0.09375,1.0
5,6,5,6,rand,5,1,0.0,0.078125,1.0
5,6,5,6,rand,6,0,0.0,0.09375,1.0
5,6,5,6,rand,5,1,0.0,0.078125,1.0
5,6,5,6,rand,6,0,0.0,0.09375,1.0
5,6,5,6,rand,6,0,0.0,0.09375,1.0
5,6,5,6,rand,6,0,0.0,0.09375,1.0
5,6,5,6,rand,5,1,0.0,0.078125,1.0
5,6,5,6,rand,6,0,0.0,0.09375,1.0
5,6,5,6,rand,5,1,0.0,0.078125,1.0
5,6,5,6,rand,4,2,0.0,0.0625,1.0
5,6,5,6,rand,6,0,0.0,0.09375,1.0
5,6,5,6,rand,6,0,0.0,0.09375,1.0
5,6,5,6,rand,5,1,0.0,0.078125,1.0
5,6,5,6,rand,6,0,0.0,0.09375,1.0
5,6,5,6,rand,6,0,0.0,0.09375,1.0
5,6,5,6,rand,6,0,0.0,0.09375,1.0
5,6,5,6,rand,6,0,0.0,0.09375,1.0
5,6,5,6,rand,5,1,0.0,0.078125,1.0
5,6,5,6,rand,6,0,0.0,0.09375,1.0
5,6,5,6,rand,6,0,0.0,0.09375,1.0
5,6,5,6,rand,6,0,0.0,0.09375,1.0
5,6,5,6,rand,4,2,0.0,0.0625,1.0
5,6,5,6,rand,5,1,0.0,0.078125,1.0
5,6,5,6,rand,6,0,0.0,0.09375,1.0
5,6,5,6,rand,5,1,0.0,0.078125,1.0
5,6,5,6,rand,6,0,0.0,0.09375,1.0
5,6,5,6,rand,6,0,0.0,0.09375,1.0
5,6,5,6,rand,6,0,0.0,0.09375,1.0
5,6,5,6,rand,6,0,0.0,0.09375,1.0
5,6,5,6,rand,5,1,0.0,0.078125,1.0
5,6,5,6,rand,6,0,0.0,0.09375,1.0
5,6,5,6,rand,5,1,0.0,0.078125,1.0
5,6,5,6,rand,5,1,0.0,0.078125,1.0
5,6,5,6,rand,4,2,0.0,0.0625,1.0
5,6,5,6,rand,6,0,0.0,0.09375,1.0
5,6,5,6,rand,5,1,0.0,0.078125,1.0
5,6,5,6,rand,5,1,0.0,0.078125,1.0
5,6,5,6,rand,6,0,0.0,0.09375,1.0
5,6,5,6,rand,6,0,0.0,0.09375,1.0
5,6,5,6,rand,6,0,0.0,0.09375,1.0
5,6,5,6,rand,6,0,0.0,0.09375,1.0
5,6,5,6,rand,6,0,0.0,0.09375,1.0
5,6,5,6,rand,5,1,0.0,0.078125,1.0
5,6,5,6,rand,5,1,0.0,0.078125,1.0
5,6,5,6,rand,6,0,0.0,0.09375,1.0
5,6,5,6,rand,6,0,0.0,0.09375,1.0
5,6,5,6,rand,6,0,0.0,0.09375,1.0
5,6,5,6,rand,6,0,0.0,0.09375,1.0
5,6,5,6,rand,6,0,0.0,0.09375,1.0
5,6,5,6,rand,6,0,0.0,0.09375,1.0
5,6,5,6,rand,6,0,0.0,0.09375,1.0
5,6,5,6,rand,6,0,0.0,0.09375,1.0
5,6,5,6,rand,6,0,0.0,0.09375,1.0
5,6,5,6,rand,6,0,0.0,0.09375,1.0
5,6,5,6,rand,5,1,0.0,0.078125,1.0
5,6,5,6,rand,5,1,0.0,0.078125,1.0
5,6,5,6,rand,6,0,0.0,0.09375,1.0
5,6,5,6,rand,6,0,0.0,0.09375,1.0
5,6,5,6,rand,6,0,0.0,0.09375,1.0
5,6,5,6,rand,6,0,0.0,0.09375,1.0
5,6,5,6,rand,6,0,0.0,0.09375,1.0
5,6,5,6,rand,5,1,0.0,0.078125,1.0
5,6,5,6,rand,6,0,0.0,0.09375,1.0
5,6,5,6,rand,6,0,0.0,0.09375,1.0
5,6,5,6,rand,5,1,0.0,0.078125,1.0
5,6,5,6,rand,5,1,0.0,0.078125,1.0
5,6,5,6,rand,6,0,0.0,0.09375,1.0
5,6,5,6,rand,6,0,0.0,0.09375,1.0
5,6,5,6,rand,5,1,0.0,0.078125,1.0
5,6,5,6,rand,6,0,0.0,0.09375,1.0
5,6,5,6,rand,6,0,0.0,0.09375,1.0
5,6,5,6,rand,6,0,0.0,0.09375,1.0
5,6,5,6,rand,6,0,0.0,0.09375,1.0
5,6,5,6,rand,6,0,0.0,0.09375,1.0
5,6,5,6,rand,6,0,0.0,0.09375,1.0
5,6,5,6,rand,6,0,0.0,0.09375,1.0
5,6,5,6,rand,6,0,0.0,0.09375,1.0
5,6,5,6,rand,6,0,0.0,0.09375,1.0
5,6,5,6,rand,5,1,0.0,0.078125,1.0
5,6,5,6,rand,5,1,0.0,0.078125,1.0
5,6,5,6,rand,5,0,0.16666666666666666,0.078125,0.8333333333333334
5,6,5,6,rand,6,0,0.0,0.09375,1.0
5,6,5,6,rand,6,0,0.0,0.09375,1.0
5,6,5,6,rand,6,0,0.0,0.09375,1.0
5,6,5,6,rand,6,0,0.0,0.09375,1.0
5,6,5,6,rand,6,0,0.0,0.09375,1.0
5,6,5,6,rand,5,1,0.0,0.078125,1.0
5,6,5,6,rand,5,1,0.0,0.078125,1.0
5,6,5,6,rand,6,0,0.0,0.09375,1.0
5,6,5,6,rand,6,0,0.0,0.09375,1.0
5,6,5,6,rand,5,1,0.0,0.078125,1.0
5,6,5,6,rand,6,0,0.0,0.09375,1.0
5,6,5,6,rand,6,0,0.0,0.09375,1.0
5,6,5,6,rand,5,1,0.0,0.078125,1.0
5,6,5,6,rand,6,0,0.0,0.09375,1.0
5,6,5,6,rand,6,0,0.0,0.09375,1.0
5,6,5,6,rand,6,0,0.0,0.09375,1.0
5,6,5,6,rand,5,1,0.0,0.078125,1.0
5,6,5,6,rand,6,0,0.0,0.09375,1.0
5,6,5,6,rand,6,0,0.0,0.09375,1.0
5,6,5,6,rand,6,0,0.0,0.09375,1.0
5,6,5,6,rand,5,1,0.0,0.078125,1.0
5,6,5,6,rand,6,0,0.0,0.09375,1.0
5,6,5,6,rand,6,0,0.0,0.09375,1.0
5,6,5,6,rand,5,1,0.0,0.078125,1.0
5,6,5,6,rand,6,0,0.0,0.09375,1.0
5,6,5,6,rand,6,0,0.0,0.09375,1.0
5,6,5,6,rand,6,0,0.0,0.09375,1.0
5,6,5,6,rand,6,0,0.0,0.09375,1.0
5,6,5,6,rand,6,0,0.0,0.09375,1.0
5,6,5,6,rand,6,0,0.0,0.09375,1.0
5,6,5,6,rand,6,0,0.0,0.09375,1.0
5,6,5,6,rand,6,0,0.0,0.09375,1.0
5,6,5,6,rand,6,0,0.0,0.09375,1.0
5,6,5,6,rand,6,0,0.0,0.09375,1.0
5,6,5,6,rand,6,0,0.0,0.09375,1.0
5,6,5,6,rand,6,0,0.0,0.09375,1.0
5,6,5,6,rand,6,0,0.0,0.09375,1.0
5,6,5,6,rand,6,0,0.0,0.09375,1.0
5,6,5,6,rand,6,0,0.0,0.09375,1.0
5,6,5,6,rand,6,0,0.0,0.09375,1.0
5,6,5,6,rand,6,0,0.0,0.09375,1.0
5,6,5,6,rand,6,0,0.0,0.09375,1.0
5,6,5,6,rand,6,0,0.0,0.09375,1.0
5,6,5,6,rand,6,0,0.0,0.09375,1.0
5,6,5,6,rand,6,0,0.0,0.09375,1.0
5,6,5,6,rand,5,1,0.0,0.078125,1.0
5,6,5,6,rand,6,0,0.0,0.09375,1.0
5,6,5,6,rand,6,0,0.0,0.09375,1.0
5,6,5,6,rand,6,0,0.0,0.09375,1.0
5,6,5,6,rand,6,0,0.0,0.09375,1.0
5,6,5,6,rand,6,0,0.0,0.09375,1.0
5,6,5,6,rand,5,1,0.0,0.078125,1.0
5,6,5,6,rand,6,0,0.0,0.09375,1.0
5,6,5,6,rand,5,1,0.0,0.078125,1.0
5,6,5,6,rand,6,0,0.0,0.09375,1.0
5,6,5,6,rand,6,0,0.0,0.09375,1.0
5,6,5,6,rand,6,0,0.0,0.09375,1.0
5,6,5,6,rand,6,0,0.0,0.09375,1.0
5,6,5,6,rand,6,0,0.0,0.09375,1.0
5,6,5,6,rand,6,0,0.0,0.09375,1.0
5,6,5,6,rand,6,0,0.0,0.09375,1.0
5,6,5,6,rand,6,0,0.0,0.09375,1.0
5,6,5,6,rand,6,0,0.0,0.09375,1.0
5,6,5,6,rand,6,0,0.0,0.09375,1.0
5,6,5,6,rand,6,0,0.0,0.09375,1.0
5,6,5,6,rand,6,0,0.0,0.09375,1.0
5,6,5,6,rand,4,2,0.0,0.0625,1.0
5,6,5,6,rand,5,1,0.0,0.078125,1.0
5,6,5,6,rand,6,0,0.0,0.09375,1.0
5,6,5,6,rand,5,1,0.0,0.078125,1.0
5,6,5,6,rand,6,0,0.0,0.09375,1.0
5,6,5,6,rand,5,1,0.0,0.078125,1.0
5,6,5,6,rand,6,0,0.0,0.09375,1.0
5,6,5,6,rand,6,0,0.0,0.09375,1.0
5,6,5,6,rand,6,0,0.0,0.09375,1.0
5,6,5,6,rand,6,0,0.0,0.09375,1.0
5,6,5,6,rand,6,0,0.0,0.09375,1.0
5,6,5,6,rand,6,0,0.0,0.09375,1.0
5,6,5,6,rand,6,0,0.0,0.09375,1.0
5,6,5,6,rand,5,1,0.0,0.078125,1.0
5,6,5,6,rand,6,0,0.0,0.09375,1.0
5,6,5,6,rand,6,0,0.0,0.09375,1.0
5,6,5,6,rand,6,0,0.0,0.09375,1.0
5,6,5,6,rand,6,0,0.0,0.09375,1.0
5,6,5,6,rand,5,1,0.0,0.078125,1.0
5,6,5,6,rand,6,0,0.0,0.09375,1.0
5,6,5,6,rand,6,0,0.0,0.09375,1.0
5,6,5,6,rand,6,0,0.0,0.09375,1.0
5,6,5,6,rand,6,0,0.0,0.09375,1.0
5,6,5,6,rand,6,0,0.0,0.09375,1.0
5,6,5,6,rand,6,0,0.0,0.09375,1.0
5,6,5,6,rand,6,0,0.0,0.09375,1.0
5,6,5,6,rand,6,0,0.0,0.09375,1.0
5,6,5,6,rand,6,0,0.0,0.09375,1.0
5,6,5,6,rand,6,0,0.0,0.09375,1.0
5,6,5,6,rand,6,0,0.0,0.09375,1.0
5,6,5,6,rand,5,1,0.0,0.078125,1.0
5,6,5,6,rand,6,0,0.0,0.09375,1.0
5,6,5,6,rand,6,0,0.0,0.09375,1.0
5,6,5,6,rand,6,0,0.0,0.09375,1.0
5,6,5,6,rand,6,0,0.0,0.09375,1.0
5,6,5,6,rand,5,1,0.0,0.078125,1.0
5,6,5,6,rand,5,1,0.0,0.078125,1.0
5,6,5,6,rand,6,0,0.0,0.09375,1.0
5,6,5,6,rand,6,0,0.0,0.09375,1.0
5,6,5,6,rand,6,0,0.0,0.09375,1.0
5,6,5,6,rand,5,1,0.0,0.078125,1.0
5,6,5,6,rand,6,0,0.0,0.09375,1.0
5,6,5,6,rand,6,0,0.0,0.09375,1.0
5,6,5,6,rand,6,0,0.0,0.09375,1.0
5,6,5,6,rand,6,0,0.0,0.09375,1.0
5,6,5,6,rand,6,0,0.0,0.09375,1.0
5,6,5,6,rand,6,0,0.0,0.09375,1.0
5,6,5,6,rand,6,0,0.0,0.09375,1.0
5,6,5,6,rand,6,0,0.0,0.09375,1.0
5,6,5,6,rand,6,0,0.0,0.09375,1.0
5,6,5,6,rand,6,0,0.0,0.09375,1.0
5,6,5,6,rand,5,1,0.0,0.078125,1.0
5,6,5,6,rand,5,1,0.0,0.078125,1.0
5,6,5,6,rand,6,0,0.0,0.09375,1.0
5,6,5,6,rand,6,0,0.0,0.09375,1.0
5,6,5,6,rand,6,0,0.0,0.09375,1.0
5,6,5,6,rand,6,0,0.0,0.09375,1.0
5,6,5,6,rand,5,1,0.0,0.078125,1.0
5,6,5,6,rand,6,0,0.0,0.09375,1.0
5,6,5,6,rand,6,0,0.0,0.09375,1.0
5,6,5,6,rand,6,0,0.0,0.09375,1.0
5,6,5,6,rand,6,0,0.0,0.09375,1.0
5,6,5,6,rand,6,0,0.0,0.09375,1.0
5,6,5,6,rand,6,0,0.0,0.09375,1.0
5,6,5,6,rand,6,0,0.0,0.09375,1.0
5,6,5,6,rand,6,0,0.0,0.09375,1.0
5,6,5,6,rand,5,1,0.0,0.078125,1.0
5,6,5,6,rand,6,0,0.0,0.09375,1.0
5,6,5,6,rand,6,0,0.0,0.09375,1.0
5,6,5,6,rand,5,1,0.0,0.078125,1.0
5,6,5,6,rand,6,0,0.0,0.09375,1.0
5,6,5,6,rand,6,0,0.0,0.09375,1.0
5,6,5,6,rand,6,0,0.0,0.09375,1.0
5,6,5,6,rand,5,1,0.0,0.078125,1.0
5,6,5,6,rand,6,0,0.0,0.09375,1.0
5,6,5,6,rand,6,0,0.0,0.09375,1.0
5,6,5,6,rand,5,1,0.0,0.078125,1.0
5,6,5,6,rand,6,0,0.0,0.09375,1.0
5,6,5,6,rand,6,0,0.0,0.09375,1.0
5,6,5,6,rand,5,1,0.0,0.078125,1.0
5,6,5,6,rand,6,0,0.0,0.09375,1.0
5,6,5,6,rand,6,0,0.0,0.09375,1.0
5,6,5,6,rand,6,0,0.0,0.09375,1.0
5,6,5,6,rand,6,0,0.0,0.09375,1.0
5,6,5,6,rand,6,0,0.0,0.09375,1.0
5,6,5,6,rand,5,1,0.0,0.078125,1.0
5,6,5,6,rand,6,0,0.0,0.09375,1.0
5,6,5,6,rand,6,0,0.0,0.09375,1.0
5,6,5,6,rand,6,0,0.0,0.09375,1.0
5,6,5,6,rand,6,0,0.0,0.09375,1.0
5,6,5,6,rand,6,0,0.0,0.09375,1.0
5,6,5,6,rand,6,0,0.0,0.09375,1.0
5,6,5,6,rand,6,0,0.0,0.09375,1.0
5,6,5,6,rand,4,2,0.0,0.0625,1.0
5,6,5,6,rand,6,0,0.0,0.09375,1.0
5,6,5,6,rand,6,0,0.0,0.09375,1.0
5,6,5,6,rand,5,0,0.16666666666666666,0.078125,0.8333333333333334
5,6,5,6,rand,6,0,0.0,0.09375,1.0
5,6,5,6,rand,6,0,0.0,0.09375,1.0
5,6,5,6,rand,6,0,0.0,0.09375,1.0
5,6,5,6,rand,6,0,0.0,0.09375,1.0
5,6,5,6,rand,6,0,0.0,0.09375,1.0
5,6,5,6,rand,6,0,0.0,0.09375,1.0
5,6,5,6,rand,6,0,0.0,0.09375,1.0
5,6,5,6,rand,6,0,0.0,0.09375,1.0
5,6,5,6,rand,6,0,0.0,0.09375,1.0
5,6,5,6,rand,6,0,0.0,0.09375,1.0
5,6,5,6,rand,6,0,0.0,0.09375,1.0
5,6,5,6,rand,6,0,0.0,0.09375,1.0
5,6,5,6,rand,6,0,0.0,0.09375,1.0
5,6,5,6,rand,6,0,0.0,0.09375,1.0
5,6,5,6,rand,6,0,0.0,0.09375,1.0
5,6,5,6,rand,6,0,0.0,0.09375,1.0
5,6,5,6,rand,6,0,0.0,0.09375,1.0
5,6,5,6,rand,5,1,0.0,0.078125,1.0
5,6,5,6,rand,6,0,0.0,0.09375,1.0
5,6,5,6,rand,6,0,0.0,0.09375,1.0
5,6,5,6,rand,6,0,0.0,0.09375,1.0
5,6,5,6,rand,6,0,0.0,0.09375,1.0
5,6,5,6,rand,6,0,0.0,0.09375,1.0
5,6,5,6,rand,5,1,0.0,0.078125,1.0
5,6,5,6,rand,6,0,0.0,0.09375,1.0
5,6,5,6,rand,5,1,0.0,0.078125,1.0
5,6,5,6,rand,6,0,0.0,0.09375,1.0
5,6,5,6,rand,5,1,0.0,0.078125,1.0
5,6,5,6,rand,6,0,0.0,0.09375,1.0
5,6,5,6,rand,6,0,0.0,0.09375,1.0
5,6,5,6,rand,6,0,0.0,0.09375,1.0
5,6,5,6,rand,5,1,0.0,0.078125,1.0
5,6,5,6,rand,5,1,0.0,0.078125,1.0
5,6,5,6,rand,6,0,0.0,0.09375,1.0
5,6,5,6,rand,6,0,0.0,0.09375,1.0
5,6,5,6,rand,6,0,0.0,0.09375,1.0
5,6,5,6,rand,6,0,0.0,0.09375,1.0
5,6,5,6,rand,5,1,0.0,0.078125,1.0
5,6,5,6,rand,6,0,0.0,0.09375,1.0
5,6,5,6,rand,6,0,0.0,0.09375,1.0
5,6,5,6,rand,6,0,0.0,0.09375,1.0
5,6,5,6,rand,6,0,0.0,0.09375,1.0
5,6,5,6,rand,6,0,0.0,0.09375,1.0
5,6,5,6,rand,6,0,0.0,0.09375,1.0
5,6,5,6,rand,6,0,0.0,0.09375,1.0
5,6,5,6,rand,6,0,0.0,0.09375,1.0
5,6,5,6,rand,6,0,0.0,0.09375,1.0
5,6,5,6,rand,6,0,0.0,0.09375,1.0
5,6,5,6,rand,6,0,0.0,0.09375,1.0
5,6,5,6,rand,6,0,0.0,0.09375,1.0
5,6,5,6,rand,6,0,0.0,0.09375,1.0
5,6,5,6,rand,6,0,0.0,0.09375,1.0
5,6,5,6,rand,6,0,0.0,0.09375,1.0
5,6,5,6,rand,6,0,0.0,0.09375,1.0
5,6,5,6,rand,6,0,0.0,0.09375,1.0
5,6,5,6,rand,6,0,0.0,0.09375,1.0
5,6,5,6,rand,5,1,0.0,0.078125,1.0
5,6,5,6,rand,6,0,0.0,0.09375,1.0
5,6,5,6,rand,6,0,0.0,0.09375,1.0
5,6,5,6,rand,5,1,0.0,0.078125,1.0
5,6,5,6,rand,6,0,0.0,0.09375,1.0
5,6,5,6,rand,6,0,0.0,0.09375,1.0
5,6,5,6,rand,6,0,0.0,0.09375,1.0
5,6,5,6,rand,6,0,0.0,0.09375,1.0
5,6,5,6,rand,6,0,0.0,0.09375,1.0
5,6,5,6,rand,6,0,0.0,0.09375,1.0
5,6,5,6,rand,5,1,0.0,0.078125,1.0
5,6,5,6,rand,4,2,0.0,0.0625,1.0
5,6,5,6,rand,6,0,0.0,0.09375,1.0
5,6,5,6,rand,5,1,0.0,0.078125,1.0
5,6,5,6,rand,5,1,0.0,0.078125,1.0
5,6,5,6,rand,6,0,0.0,0.09375,1.0
5,6,5,6,rand,6,0,0.0,0.09375,1.0
5,6,5,6,rand,6,0,0.0,0.09375,1.0
5,6,5,6,rand,6,0,0.0,0.09375,1.0
5,6,5,6,rand,6,0,0.0,0.09375,1.0
5,6,5,6,rand,6,0,0.0,0.09375,1.0
5,6,5,6,rand,6,0,0.0,0.09375,1.0
5,6,5,6,rand,6,0,0.0,0.09375,1.0
5,6,5,6,rand,6,0,0.0,0.09375,1.0
5,6,5,6,rand,6,0,0.0,0.09375,1.0
5,6,5,6,rand,6,0,0.0,0.09375,1.0
5,6,5,6,rand,6,0,0.0,0.09375,1.0
5,6,5,6,rand,6,0,0.0,0.09375,1.0
5,6,5,6,rand,6,0,0.0,0.09375,1.0
5,6,5,6,rand,6,0,0.0,0.09375,1.0
5,6,5,6,rand,6,0,0.0,0.09375,1.0
5,6,5,6,rand,6,0,0.0,0.09375,1.0
5,6,5,6,rand,6,0,0.0,0.09375,1.0
5,6,5,6,rand,6,0,0.0,0.09375,1.0
5,6,5,6,rand,5,1,0.0,0.078125,1.0
5,6,5,6,rand,6,0,0.0,0.09375,1.0
5,6,5,6,rand,5,1,0.0,0.078125,1.0
5,6,5,6,rand,6,0,0.0,0.09375,1.0
5,6,5,6,rand,5,1,0.0,0.078125,1.0
5,6,5,6,rand,6,0,0.0,0.09375,1.0
5,6,5,6,rand,6,0,0.0,0.09375,1.0
5,6,5,6,rand,6,0,0.0,0.09375,1.0
5,6,5,6,rand,6,0,0.0,0.09375,1.0
5,6,5,6,rand,5,1,0.0,0.078125,1.0
5,6,5,6,rand,4,2,0.0,0.0625,1.0
5,6,5,6,rand,6,0,0.0,0.09375,1.0
5,6,5,6,rand,6,0,0.0,0.09375,1.0
5,6,5,6,rand,5,1,0.0,0.078125,1.0
5,6,5,6,rand,5,1,0.0,0.078125,1.0
5,6,5,6,rand,6,0,0.0,0.09375,1.0
5,6,5,6,rand,6,0,0.0,0.09375,1.0
5,6,5,6,rand,6,0,0.0,0.09375,1.0
5,6,5,6,rand,6,0,0.0,0.09375,1.0
5,6,5,6,rand,6,0,0.0,0.09375,1.0
5,6,5,6,rand,6,0,0.0,0.09375,1.0
5,6,5,6,rand,6,0,0.0,0.09375,1.0
5,6,5,6,rand,6,0,0.0,0.09375,1.0
5,6,5,6,rand,6,0,0.0,0.09375,1.0
5,6,5,6,rand,6,0,0.0,0.09375,1.0
5,6,5,6,rand,4,2,0.0,0.0625,1.0
5,6,5,6,rand,6,0,0.0,0.09375,1.0
5,6,5,6,rand,6,0,0.0,0.09375,1.0
5,6,5,6,rand,5,1,0.0,0.078125,1.0
5,6,5,6,rand,6,0,0.0,0.09375,1.0
5,6,5,6,rand,6,0,0.0,0.09375,1.0
5,6,5,6,rand,6,0,0.0,0.09375,1.0
5,6,5,6,rand,6,0,0.0,0.09375,1.0
5,6,5,6,rand,6,0,0.0,0.09375,1.0
5,6,5,6,rand,6,0,0.0,0.09375,1.0
5,6,5,6,rand,6,0,0.0,0.09375,1.0
5,6,5,6,rand,6,0,0.0,0.09375,1.0
5,6,5,6,rand,6,0,0.0,0.09375,1.0
5,6,5,6,rand,6,0,0.0,0.09375,1.0
5,6,5,6,rand,6,0,0.0,0.09375,1.0
5,6,5,6,rand,6,0,0.0,0.09375,1.0
5,6,5,6,rand,6,0,0.0,0.09375,1.0
5,6,5,6,rand,6,0,0.0,0.09375,1.0
5,6,5,6,rand,6,0,0.0,0.09375,1.0
5,6,5,6,rand,6,0,0.0,0.09375,1.0
5,6,5,6,rand,6,0,0.0,0.09375,1.0
5,6,5,6,rand,6,0,0.0,0.09375,1.0
5,6,5,6,rand,6,0,0.0,0.09375,1.0
5,6,5,6,rand,5,1,0.0,0.078125,1.0
5,6,5,6,rand,6,0,0.0,0.09375,1.0
5,6,5,6,rand,6,0,0.0,0.09375,1.0
5,6,5,6,rand,5,1,0.0,0.078125,1.0
5,6,5,6,rand,6,0,0.0,0.09375,1.0
5,6,5,6,rand,6,0,0.0,0.09375,1.0
5,6,5,6,rand,6,0,0.0,0.09375,1.0
5,6,5,6,rand,6,0,0.0,0.09375,1.0
5,6,5,6,rand,6,0,0.0,0.09375,1.0
5,6,5,6,rand,5,1,0.0,0.078125,1.0
5,6,5,6,rand,6,0,0.0,0.09375,1.0
5,6,5,6,rand,6,0,0.0,0.09375,1.0
5,6,5,6,rand,6,0,0.0,0.09375,1.0
5,6,5,6,rand,5,1,0.0,0.078125,1.0
5,6,5,6,rand,6,0,0.0,0.09375,1.0
5,6,5,6,rand,6,0,0.0,0.09375,1.0
